{
  "n": 10,
  "ok": 10,
  "p50_ms": 15.232563018798828,
  "p95_ms": 16.188621520996094,
  "avg_ms": 15.455245971679688
}